0 1 1
0 2 1
0 3 1
0 4 1
0 5 1
0 6 1
0 7 1
0 8 1
0 9 1
0 10 1
0 11 1
0 12 1
0 13 1
0 14 1
0 15 1
0 16 1
0 17 1
0 18 1
0 19 1
0 20 1
0 21 1
0 22 1
0 23 1
0 25 1
0 27 1
0 28 1
0 29 1
0 30 1
0 31 1
0 32 1
0 33 1
0 34 1
0 35 1
0 37 1
1 2 1
1 4 1
1 5 1
1 7 1
1 8 1
1 10 1
1 11 1
1 12 1
1 13 1
1 14 1
1 15 1
1 16 1
1 17 1
1 18 1
1 19 1
1 20 1
1 21 1
1 22 1
1 24 1
1 25 1
1 26 1
1 27 1
1 28 1
1 29 1
1 30 1
1 31 1
1 32 1
1 33 1
1 34 1
1 35 1
1 37 1
2 2 1
2 36 1
2 5 1
2 6 1
2 11 1
2 13 1
2 16 1
2 17 1
2 23 1
2 25 1
2 30 1
2 37 1
3 34 1
3 5 1
3 7 1
3 11 1
3 12 1
3 15 1
3 16 1
3 17 1
3 20 1
3 24 1
3 28 1
3 30 1
3 31 1
4 34 1
4 35 1
4 5 1
4 33 1
4 8 1
4 10 1
4 11 1
4 12 1
4 14 1
4 16 1
4 17 1
4 18 1
4 21 1
4 22 1
4 7 1
4 25 1
4 29 1
4 30 1
5 6 1
5 7 1
5 8 1
5 11 1
5 13 1
5 16 1
5 17 1
5 18 1
5 19 1
5 20 1
5 21 1
5 22 1
5 23 1
5 24 1
5 25 1
5 27 1
5 28 1
5 30 1
5 31 1
5 32 1
5 34 1
5 35 1
5 37 1
6 16 1
6 23 1
6 25 1
6 11 1
6 13 1
6 30 1
6 37 1
7 32 1
7 8 1
7 9 1
7 10 1
7 11 1
7 12 1
7 14 1
7 16 1
7 17 1
7 35 1
7 21 1
7 22 1
7 23 1
7 30 1
8 35 1
8 22 1
8 9 1
8 12 1
8 14 1
8 36 1
9 11 1
9 12 1
9 29 1
9 14 1
10 32 1
10 33 1
10 11 1
10 37 1
11 12 1
11 13 1
11 14 1
11 15 1
11 17 1
11 18 1
11 22 1
11 25 1
11 28 1
11 29 1
11 31 1
11 35 1
11 36 1
12 34 1
12 33 1
12 32 1
12 14 1
12 18 1
12 36 1
12 30 1
13 14 1
13 15 1
13 16 1
13 18 1
13 19 1
13 21 1
13 22 1
13 23 1
13 24 1
13 26 1
13 28 1
13 29 1
13 30 1
13 31 1
13 35 1
13 37 1
14 35 1
14 15 1
14 16 1
14 17 1
14 32 1
14 22 1
14 28 1
14 30 1
14 31 1
15 16 1
15 17 1
15 18 1
15 21 1
15 22 1
15 24 1
15 25 1
15 26 1
15 27 1
15 28 1
15 29 1
15 31 1
16 18 1
16 19 1
16 32 1
16 23 1
16 26 1
16 29 1
16 30 1
17 19 1
17 20 1
17 32 1
17 24 1
17 36 1
17 27 1
17 28 1
17 30 1
17 31 1
18 35 1
18 37 1
18 23 1
18 24 1
18 25 1
18 26 1
18 31 1
18 29 1
18 30 1
18 36 1
19 20 1
19 31 1
20 27 1
20 28 1
20 29 1
20 21 1
21 22 1
21 31 1
21 28 1
22 35 1
22 32 1
22 28 1
22 31 1
23 25 1
24 26 1
24 29 1
25 35 1
25 36 1
25 26 1
25 29 1
26 35 1
26 31 1
26 28 1
27 28 1
27 37 1
27 30 1
28 36 1
28 29 1
28 31 1
29 36 1
30 34 1
30 36 1
30 37 1
30 31 1
33 34 1
33 36 1
34 36 1
35 36 1